000
015
020
021
022
023
024
025
026
027
028
029
041
046
048
049
050
060
061
071
077
079
082
083
084
085
106
107
109
111
135
136
137
138
139
140
141
142
143
144
145
146
147
148
149
150
151
152
153
154
155
000
015
020
021
022
023
024
025
026
027
028
029
041
046
048
049
050
060
061
071
077
079
082
083
084
085
106
107
109
111
135
136
137
138
139
140
141
142
143
144
145
146
147
148
149
150
151
152
153
154
155
001
002
003
000
001
002
003
015
020
021
022
023
024
025
026
027
028
029
041
046
048
049
050
060
061
071
077
079
082
083
084
085
106
107
109
111
135
136
137
138
139
140
141
142
143
144
145
146
147
148
149
150
151
152
153
154
155
004
000
001
002
003
004
015
020
021
022
023
024
025
026
027
028
029
041
046
048
049
050
060
061
071
077
079
082
083
084
085
106
107
109
111
135
136
137
138
139
140
141
142
143
144
145
146
147
148
149
150
151
152
153
154
155
005
111
135
006
007
008
110
009
112
082
083
084
085
106
107
109
010
113
